0 : 1 5 21 
1 : 0 2 6 
2 : 1 3 9 
3 : 2 4 12 
4 : 3 5 15 
5 : 0 4 18 
6 : 1 7 23 
7 : 6 8 24 
8 : 7 9 27 
9 : 2 8 10 
10 : 9 11 29 
11 : 10 12 32 
12 : 3 11 13 
13 : 12 14 34 
14 : 13 15 37 
15 : 4 14 16 
16 : 15 17 39 
17 : 16 18 42 
18 : 5 17 19 
19 : 18 20 44 
20 : 19 21 47 
21 : 0 20 22 
22 : 21 23 49 
23 : 6 22 52 
24 : 7 25 53 
25 : 24 26 
26 : 25 27 
27 : 8 26 28 
28 : 27 29 
29 : 10 28 30 
30 : 29 31 
31 : 30 32 
32 : 11 31 33 
33 : 32 34 
34 : 13 33 35 
35 : 34 36 
36 : 35 37 
37 : 14 36 38 
38 : 37 39 
39 : 16 38 40 
40 : 39 41 
41 : 40 42 
42 : 17 41 43 
43 : 42 44 
44 : 19 43 45 
45 : 44 46 
46 : 45 47 
47 : 20 46 48 
48 : 47 49 
49 : 22 48 50 
50 : 49 51 
51 : 50 52 
52 : 23 51 53 
53 : 24 52 
